[ninjam]
lc_0=0 source '1024' bc 1 mute 0 solo 0 volume 1.000000 pan 0.000000 jesus 0 flag 0 name `default channel`
lc_cnt=1
mastermute=0
masterpan=0.000000
mastervol=1.000000
metromute=0
metropan=0.000000
metrovol=0.500000
wnd_div1=0
wnd_h=480
wnd_state=0
wnd_w=812
wnd_x=224
wnd_y=148

